type      = 1 # LINEAR_RAS_TO_RAS
nxforms   = 1
mean      = 129.0000 129.0000 128.0000
sigma     = 10000.0000
1 4 4
9.999991655349731e-01 1.279010670259595e-03 2.160286821890622e-04 1.570631414651871e-01 
-1.278957002796233e-03 9.999991655349731e-01 -2.488228783477098e-04 -1.748627573251724e-01 
-2.163467579521239e-04 2.485463919583708e-04 9.999999403953552e-01 -1.454326808452606e-01 
0.000000000000000e+00 0.000000000000000e+00 0.000000000000000e+00 1.000000000000000e+00 
src volume info
valid = 1  # volume info valid
filename = /out/work/fmriprep_wf/single_subject_01_wf/anat_preproc_wf/anat_validate/sub-01_T1w_ras_valid.nii.gz
volume = 64 64 64
voxelsize = 1.000000000000000e+00 1.000000000000000e+00 1.000000000000000e+00
xras   = 1.000000000000000e+00 0.000000000000000e+00 0.000000000000000e+00
yras   = 0.000000000000000e+00 1.000000000000000e+00 0.000000000000000e+00
zras   = 0.000000000000000e+00 0.000000000000000e+00 1.000000000000000e+00
cras   = -2.883132171630859e+01 -9.694578552246094e+01 -9.550000000000000e+01
dst volume info
valid = 1  # volume info valid
filename = /out/freesurfer/sub-01/mri/T1.mgz
volume = 256 256 256
voxelsize = 1.000000000000000e+00 1.000000000000000e+00 1.000000000000000e+00
xras   = -1.000000000000000e+00 0.000000000000000e+00 0.000000000000000e+00
yras   = 0.000000000000000e+00 0.000000000000000e+00 -1.000000000000000e+00
zras   = 0.000000000000000e+00 1.000000000000000e+00 0.000000000000000e+00
cras   = -2.883132171630859e+01 -9.694578552246094e+01 -9.550000000000000e+01
fscale 0.100000
