# transform file /out/freesurfer/sub-01/mri/transforms/cc_up.lta
# created by root on Mon Feb 16 18:17:53 2026

type      = 0 # LINEAR_VOX_TO_VOX
nxforms   = 1
mean      = 129.0000 126.0000 128.0000
sigma     = 10000.0000
1 4 4
7.415174245834351e-01 -2.121538221836090e-01 6.365081667900085e-01 -2.673533630371094e+01 
1.609802693128586e-01 9.772362709045410e-01 1.381832063198090e-01 -1.772052383422852e+01 
-6.513349413871765e-01 0.000000000000000e+00 7.587903141975403e-01 1.100153503417969e+02 
0.000000000000000e+00 0.000000000000000e+00 0.000000000000000e+00 1.000000000000000e+00 
src volume info
valid = 1  # volume info valid
filename = /out/freesurfer/sub-01/mri/norm.mgz
volume = 256 256 256
voxelsize = 1.000000000000000e+00 1.000000000000000e+00 1.000000000000000e+00
xras   = -1.000000000000000e+00 0.000000000000000e+00 0.000000000000000e+00
yras   = 0.000000000000000e+00 0.000000000000000e+00 -1.000000000000000e+00
zras   = 0.000000000000000e+00 1.000000000000000e+00 0.000000000000000e+00
cras   = -2.883132171630859e+01 -9.694578552246094e+01 -9.550000000000000e+01
dst volume info
valid = 1  # volume info valid
filename = /out/freesurfer/sub-01/mri/norm.mgz
volume = 256 256 256
voxelsize = 1.000000000000000e+00 1.000000000000000e+00 1.000000000000000e+00
xras   = -1.000000000000000e+00 0.000000000000000e+00 0.000000000000000e+00
yras   = 0.000000000000000e+00 0.000000000000000e+00 -1.000000000000000e+00
zras   = 0.000000000000000e+00 1.000000000000000e+00 0.000000000000000e+00
cras   = -2.883132171630859e+01 -9.694578552246094e+01 -9.550000000000000e+01
